317 -1 446.99968 115.00019999999999 40.99968000000001 30.000240000000005 1 -1 -1 -1
317 -1 493.99936 361.0000799999999 54.000639999999976 47.00016000000005 1 -1 -1 -1
317 -1 557.00032 452.9998800000001 68.0 66.00023999999996 1 -1 -1 -1
318 -1 493.9993600000001 360.99972 51.000320000000045 48.00023999999996 1 -1 -1 -1
318 -1 561.99936 451.9998 70.00063999999998 66.00024000000002 1 -1 -1 -1
318 -1 436.99967999999996 115.00019999999999 33.999360000000024 28.00008000000001 1 -1 -1 -1
319 -1 565.99936 443.00016 70.00063999999998 67.99968000000001 1 -1 -1 -1
319 -1 496.99968 352.00008 48.0 51.99983999999995 1 -1 -1 -1
319 -1 430.00064000000003 107.99964000000001 32.0 30.000240000000005 1 -1 -1 -1
320 -1 489.00032 363.99959999999993 52.0 47.00016000000005 1 -1 -1 -1
320 -1 566.00064 447.99983999999995 68.9996799999999 65.00016000000005 1 -1 -1 -1
320 -1 410.0 119.00016 37.999360000000024 27.0 1 -1 -1 -1
321 -1 407.00032000000004 124.00019999999999 35.00031999999999 32.999759999999995 1 -1 -1 -1
321 -1 496.0006399999999 366.00012000000004 48.999679999999955 48.00023999999996 1 -1 -1 -1
321 -1 574.99968 451.00008 68.0 65.00015999999994 1 -1 -1 -1
322 -1 476.00064000000003 379.00008 56.999679999999955 49.99968000000001 1 -1 -1 -1
322 -1 381.99999999999994 136.00008 37.999360000000024 31.999680000000012 1 -1 -1 -1
322 -1 561.99936 464.00004 72.0 59.99976000000004 1 -1 -1 -1
323 -1 330.99968 156.99996 36.0 28.000080000000025 1 -1 -1 -1
323 -1 433.99936 392.00004 51.00031999999999 46.000080000000025 1 -1 -1 -1
323 -1 524.0 475.00019999999995 65.99936000000002 64.00008000000003 1 -1 -1 -1
324 -1 401.00032 415.9998 48.99968000000001 46.000080000000025 1 -1 -1 -1
324 -1 489.99936 495.00000000000006 70.00063999999998 67.00032000000004 1 -1 -1 -1
324 -1 296.00064 176.00003999999998 32.99968000000001 28.000080000000025 1 -1 -1 -1
325 -1 268.99968 189.0 35.00031999999999 33.999840000000006 1 -1 -1 -1
325 -1 378.99968 430.0002 48.99968000000001 46.000080000000025 1 -1 -1 -1
325 -1 467.99999999999994 505.0000800000001 68.99967999999996 67.00032000000004 1 -1 -1 -1
326 -1 374.00064000000003 448.00020000000006 49.999360000000024 48.00023999999996 1 -1 -1 -1
326 -1 463.99936 522.00036 68.0 68.99975999999992 1 -1 -1 -1
326 -1 261.99936 215.00028 35.00031999999999 25.999919999999975 1 -1 -1 -1
327 -1 390.0 472.99968 52.0 49.00031999999999 1 -1 -1 -1
327 -1 482.0 546.9998400000001 68.0 67.9996799999999 1 -1 -1 -1
327 -1 277.99936 240.99984 35.00031999999999 31.000319999999988 1 -1 -1 -1
328 -1 406.0 497.99988 45.999360000000024 48.00024000000002 1 -1 -1 -1
328 -1 495.00031999999993 570.9995999999999 68.99967999999996 67.0003200000001 1 -1 -1 -1
328 -1 292.00064 264.99996 36.0 30.000239999999962 1 -1 -1 -1
329 -1 404.99968 524.0001599999999 51.00031999999999 47.00016000000005 1 -1 -1 -1
329 -1 288.99968 292.99967999999996 35.00031999999999 29.00016000000005 1 -1 -1 -1
329 -1 496.99968000000007 597.00024 67.00032000000004 60.99983999999995 1 -1 -1 -1
330 -1 403.00032 536.9997599999999 49.999360000000024 49.0003200000001 1 -1 -1 -1
330 -1 496.99968 610.0002 65.99936000000002 64.00008000000003 1 -1 -1 -1
330 -1 285.00032 304.99992000000003 32.99968000000001 31.000319999999988 1 -1 -1 -1
331 -1 292.00064 318.99996 36.0 28.000080000000025 1 -1 -1 -1
331 -1 410.99967999999996 543.9996 48.99968000000001 49.0003200000001 1 -1 -1 -1
331 -1 505.00032000000004 615.99996 64.99967999999996 66.00024000000008 1 -1 -1 -1
332 -1 296.99968 315.99972 35.00031999999999 25.999919999999975 1 -1 -1 -1
332 -1 417.00032 537.99984 48.99968000000001 49.0003200000001 1 -1 -1 -1
332 -1 509.9993600000001 612.0 67.00032000000004 67.0003200000001 1 -1 -1 -1
333 -1 432.99968 526.9996799999999 48.0 49.0003200000001 1 -1 -1 -1
333 -1 526.00064 600.00012 65.99936000000002 68.99975999999992 1 -1 -1 -1
333 -1 318.00064 298.99980000000005 33.999360000000024 30.000239999999962 1 -1 -1 -1
334 -1 329.00032 282.00023999999996 32.99968000000001 29.00016000000005 1 -1 -1 -1
334 -1 444.99968 509.9997600000001 48.0 49.000320000000045 1 -1 -1 -1
334 -1 534.00064 585.0 65.99936000000002 65.00016000000005 1 -1 -1 -1
335 -1 340.99968 272.99988 32.0 30.000239999999962 1 -1 -1 -1
335 -1 453.99936 502.99956000000003 48.0 48.00024000000002 1 -1 -1 -1
335 -1 544.99968 575.00028 65.99936000000002 64.00008000000003 1 -1 -1 -1
336 -1 348.99968 259.0002 36.99968000000001 32.99976000000004 1 -1 -1 -1
336 -1 462.99968 489.99996000000004 48.99968000000001 50.99975999999998 1 -1 -1 -1
336 -1 554.00064 565.99956 65.99936000000002 66.00024000000008 1 -1 -1 -1
337 -1 460.0 483.00012000000004 48.0 43.999919999999975 1 -1 -1 -1
337 -1 550.00064 556.0002 65.99936000000002 61.999919999999975 1 -1 -1 -1
337 -1 344.00064 252.0 36.0 31.000319999999988 1 -1 -1 -1
