240 -1 307.99936 295.99992000000003 100.0 108.0 1 -1 -1 -1
240 -1 484.00064 537.00012 77.99936000000002 73.00008000000003 1 -1 -1 -1
241 -1 309.00032000000004 303.99984 96.99968000000001 103.00031999999999 1 -1 -1 -1
241 -1 481.00031999999993 535.00032 79.00032000000004 72.0 1 -1 -1 -1
242 -1 319.00032 299.99988 92.99968000000001 100.00008000000003 1 -1 -1 -1
242 -1 487.00032000000004 524.99952 76.99967999999996 76.0003200000001 1 -1 -1 -1
243 -1 316.00064 298.9998 92.0 100.00008000000003 1 -1 -1 -1
243 -1 483.99936 523.00008 74.00063999999998 69.99983999999995 1 -1 -1 -1
244 -1 308.99967999999996 297.00036 89.99936000000002 95.99976000000004 1 -1 -1 -1
244 -1 475.00032 518.00004 72.0 68.99975999999992 1 -1 -1 -1
245 -1 292.99967999999996 294.99984 84.99968000000001 94.00031999999999 1 -1 -1 -1
245 -1 451.99936 516.9996 71.00031999999999 65.00016000000005 1 -1 -1 -1
246 -1 267.00032 271.9998 89.99936000000002 97.99991999999997 1 -1 -1 -1
246 -1 424.00064 495.0 72.99968000000001 69.99983999999995 1 -1 -1 -1
247 -1 255.00095999999996 265.00032 85.99936000000002 94.99968000000001 1 -1 -1 -1
247 -1 408.00064000000003 484.99992000000003 72.99968000000001 67.00032000000004 1 -1 -1 -1
247 -1 1230.0006400000002 103.99968000000001 49.9993599999998 81.0 1 -1 -1 -1
248 -1 244.0 254.99988 89.99936000000002 93.00023999999999 1 -1 -1 -1
248 -1 1208.0 95.00039999999998 68.9996799999999 76.99968000000001 1 -1 -1 -1
248 -1 401.00032 470.99987999999996 71.00031999999999 66.00023999999996 1 -1 -1 -1
249 -1 250.0 238.99968 80.99968000000001 90.0 1 -1 -1 -1
249 -1 398.00064 448.99956000000003 68.99968000000001 66.00024000000002 1 -1 -1 -1
249 -1 1197.00032 92.00016 68.0 74.00016 1 -1 -1 -1
250 -1 238.99968 240.99983999999998 80.99968000000001 92.00016000000002 1 -1 -1 -1
250 -1 1169.99936 104.00040000000001 72.0 76.99968000000001 1 -1 -1 -1
250 -1 385.00032000000004 452.00016 64.99968000000001 62.99999999999994 1 -1 -1 -1
251 -1 214.0 231.99983999999998 79.00031999999999 87.99983999999998 1 -1 -1 -1
251 -1 353.00032 438.99983999999995 68.0 69.99984000000006 1 -1 -1 -1
251 -1 1134.99968 110.99987999999998 68.0 70.99992000000002 1 -1 -1 -1
252 -1 1113.0003199999999 127.00008 71.0003200000001 67.99968000000001 1 -1 -1 -1
252 -1 201.00032000000002 229.99967999999998 79.00032000000002 92.00016000000002 1 -1 -1 -1
252 -1 340.99967999999996 440.00028000000003 60.99968000000001 64.00008000000003 1 -1 -1 -1
253 -1 190.00000000000003 246.99995999999996 79.00032000000002 93.00023999999999 1 -1 -1 -1
253 -1 323.00032 461.00016000000005 65.99936000000002 67.00031999999999 1 -1 -1 -1
253 -1 1093.0003199999999 148.00032 71.0003200000001 76.99968000000001 1 -1 -1 -1
254 -1 1079.0003199999999 121.99968000000001 70.0006400000002 74.00016 1 -1 -1 -1
254 -1 314.99968 433.00008 64.99968000000001 67.99968000000001 1 -1 -1 -1
254 -1 182.0 225.99971999999997 77.99936000000002 91.00008000000003 1 -1 -1 -1
255 -1 1056.9996800000001 99.0 65.9993599999998 67.99968000000001 1 -1 -1 -1
255 -1 164.99968 211.00032 75.00031999999999 90.0 1 -1 -1 -1
255 -1 300.99967999999996 415.00008 65.99936000000002 69.99983999999995 1 -1 -1 -1
256 -1 149.00032 210.99996 76.0 84.00024000000002 1 -1 -1 -1
256 -1 289.00032 413.00028000000003 64.99968000000001 64.00008000000003 1 -1 -1 -1
256 -1 1035.0003199999999 78.99984 70.0006400000002 76.00031999999999 1 -1 -1 -1
