462 -1 456.0 333.99972 145.99936000000002 133.99991999999997 1 -1 -1 -1
462 -1 732.0006400000001 144.99971999999997 112.9996799999999 100.00008000000003 1 -1 -1 -1
463 -1 728.9996800000001 145.00008 108.9996799999999 96.99984 1 -1 -1 -1
463 -1 447.00032 339.99984 145.99936000000002 135.0 1 -1 -1 -1
464 -1 434.00064000000003 353.00016 148.99967999999996 139.99968 1 -1 -1 -1
464 -1 716.99968 152.99963999999997 110.00063999999998 100.00008000000003 1 -1 -1 -1
465 -1 424.0 358.99992 148.99968 144.0 1 -1 -1 -1
465 -1 708.00064 157.99967999999998 112.9996799999999 101.00016000000002 1 -1 -1 -1
466 -1 413.00032000000004 366.99983999999995 151.00032000000004 146.00016000000005 1 -1 -1 -1
466 -1 699.0003199999999 158.0004 115.0003200000001 103.99968000000001 1 -1 -1 -1
467 -1 698.0000000000001 162.0 114.00063999999998 101.00016 1 -1 -1 -1
467 -1 404.99967999999996 371.00016000000005 155.00032000000004 150.99983999999995 1 -1 -1 -1
468 -1 686.99904 156.00024 118.00063999999998 105.99983999999998 1 -1 -1 -1
468 -1 394.99968 371.00016000000005 159.00032 155.00015999999994 1 -1 -1 -1
469 -1 683.00032 147.99996 120.0 109.00008000000003 1 -1 -1 -1
469 -1 384.99968 363.99996 156.99968 163.00008000000003 1 -1 -1 -1
470 -1 677.99936 145.9998 120.0 109.00008000000003 1 -1 -1 -1
470 -1 364.00064000000003 363.0002400000001 168.99968000000007 164.00015999999994 1 -1 -1 -1
471 -1 355.00032000000004 374.0004 168.00000000000006 159.99983999999995 1 -1 -1 -1
471 -1 670.9996799999999 148.99967999999998 120.99968000000013 108.00000000000003 1 -1 -1 -1
472 -1 345.00032 368.00028000000003 164.0 163.00007999999997 1 -1 -1 -1
472 -1 664.9996799999999 143.00027999999998 124.99968000000013 109.00008000000003 1 -1 -1 -1
473 -1 656.00064 135.99971999999997 125.99936000000002 111.00024000000002 1 -1 -1 -1
473 -1 330.0 363.9996 172.0 166.00032 1 -1 -1 -1
474 -1 331.99936 367.99992 172.0 166.00032 1 -1 -1 -1
474 -1 662.0 132.99984 124.0 114.99984 1 -1 -1 -1
475 -1 316.00064 360.99971999999997 181.99936000000002 178.99992000000003 1 -1 -1 -1
475 -1 658.00064 133.0002 128.0 115.99992000000003 1 -1 -1 -1
476 -1 647.9999999999999 127.99979999999998 131.0003200000001 115.99991999999999 1 -1 -1 -1
476 -1 304.0 363.00023999999996 184.0 177.99983999999995 1 -1 -1 -1
477 -1 305.00032 371.00016 175.00032 175.00031999999993 1 -1 -1 -1
477 -1 645.9993599999999 126.99971999999997 131.0003200000001 118.00008000000003 1 -1 -1 -1
478 -1 637.0003200000001 128.00016000000002 136.9996799999999 119.00016 1 -1 -1 -1
478 -1 295.00032 372.9999600000001 180.99968 181.0000799999999 1 -1 -1 -1
479 -1 639.9999999999999 135.0 134.00063999999998 121.00031999999999 1 -1 -1 -1
479 -1 286.99968 380.00016 183.00032 184.99967999999996 1 -1 -1 -1
480 -1 288.99967999999996 388.00008 184.0 184.00032 1 -1 -1 -1
480 -1 648.99968 136.99980000000002 136.0 124.99992 1 -1 -1 -1
481 -1 659.0003200000001 140.00039999999998 140.9996799999999 121.99968000000004 1 -1 -1 -1
481 -1 297.99936 390.99996 179.00032 185.99976000000004 1 -1 -1 -1
482 -1 671.0003200000001 139.00032 139.00031999999987 123.99984 1 -1 -1 -1
482 -1 301.00031999999993 394.99992 184.99968 186.99983999999995 1 -1 -1 -1
483 -1 310.99968 402.99984 184.99968 188.99999999999994 1 -1 -1 -1
483 -1 684.00064 144.00036 140.0 122.99975999999998 1 -1 -1 -1
484 -1 684.0 140.99976 144.0 130.00032000000002 1 -1 -1 -1
484 -1 307.00032 401.00004 192.0 194.99975999999992 1 -1 -1 -1
485 -1 689.00032 137.99988000000002 141.99936000000002 127.00008000000003 1 -1 -1 -1
485 -1 308.99968 404.0002800000001 188.99968 194.99975999999992 1 -1 -1 -1
