54 -1 597.0003200000001 171.00000000000003 56.9996799999999 54.0 1 -1 -1 -1
54 -1 723.00032 166.99968 62.000639999999976 58.00031999999999 1 -1 -1 -1
54 -1 612.99968 541.00008 44.9996799999999 33.99983999999995 1 -1 -1 -1
55 -1 592.00064 193.00032 60.0 60.999840000000006 1 -1 -1 -1
55 -1 717.9993599999999 186.00011999999998 67.0003200000001 64.00008000000003 1 -1 -1 -1
55 -1 615.99936 563.99976 42.000639999999976 33.99983999999995 1 -1 -1 -1
56 -1 590.9996799999999 215.00027999999998 55.0003200000001 55.000080000000025 1 -1 -1 -1
56 -1 718.0 211.00032000000002 63.0003200000001 60.999840000000034 1 -1 -1 -1
56 -1 611.99936 587.9998800000001 44.0 34.999919999999975 1 -1 -1 -1
57 -1 587.99936 221.99975999999998 60.0 56.000159999999994 1 -1 -1 -1
57 -1 715.9993599999999 212.00004000000004 63.0003200000001 61.99992 1 -1 -1 -1
57 -1 622.0 594.0 37.999360000000024 33.99983999999995 1 -1 -1 -1
58 -1 589.00032 219.00024000000002 52.0 51.999840000000006 1 -1 -1 -1
58 -1 715.00032 203.00003999999998 57.999360000000024 59.99976000000001 1 -1 -1 -1
58 -1 627.0003199999999 586.9998 40.0 32.999759999999924 1 -1 -1 -1
59 -1 587.00032 208.9998 49.999360000000024 55.00007999999997 1 -1 -1 -1
59 -1 709.99936 196.00019999999998 62.000639999999976 59.99975999999998 1 -1 -1 -1
59 -1 629.0003200000001 582.9998400000001 40.9996799999999 31.9996799999999 1 -1 -1 -1
60 -1 588.9996799999999 216.99972 51.0003200000001 48.00023999999999 1 -1 -1 -1
60 -1 714.00064 198.0 60.9996799999999 58.00031999999999 1 -1 -1 -1
60 -1 634.9996800000001 585.0 40.9996799999999 31.0003200000001 1 -1 -1 -1
61 -1 646.0 587.00016 36.0 31.9996799999999 1 -1 -1 -1
61 -1 717.99936 200.99988 62.000639999999976 59.99976000000001 1 -1 -1 -1
61 -1 593.00032 220.00032 52.0 51.999840000000006 1 -1 -1 -1
62 -1 605.00096 205.99991999999997 49.999360000000024 49.99968000000001 1 -1 -1 -1
62 -1 728.99968 186.00048 64.0 58.99968000000001 1 -1 -1 -1
62 -1 662.0 572.00004 36.0 28.000080000000025 1 -1 -1 -1
63 -1 607.00032 208.99980000000002 51.0003200000001 52.99992 1 -1 -1 -1
63 -1 731.00032 191.99988000000002 60.9996799999999 55.00007999999997 1 -1 -1 -1
63 -1 668.0 576.9997199999999 35.0003200000001 30.000240000000076 1 -1 -1 -1
64 -1 603.9999999999999 209.00016000000002 51.0003200000001 54.00000000000003 1 -1 -1 -1
64 -1 726.99968 186.00048 63.0003200000001 58.99968000000001 1 -1 -1 -1
64 -1 670.0 574.9999200000001 37.999360000000024 31.9996799999999 1 -1 -1 -1
65 -1 602.0000000000001 207.0 48.9996799999999 49.00031999999999 1 -1 -1 -1
65 -1 724.99968 180.0 62.000639999999976 58.00031999999999 1 -1 -1 -1
65 -1 676.0 566.9996399999999 36.9996799999999 30.000240000000076 1 -1 -1 -1
66 -1 596.00064 212.0004 52.0 51.999840000000006 1 -1 -1 -1
66 -1 723.00032 185.99976 59.0003200000001 58.00031999999999 1 -1 -1 -1
66 -1 678.0 575.99964 36.0 30.000240000000076 1 -1 -1 -1
67 -1 680.99968 574.99992 33.999360000000024 29.00016000000005 1 -1 -1 -1
67 -1 719.00032 177.00012 64.0 61.999919999999975 1 -1 -1 -1
67 -1 593.99936 210.9996 54.000639999999976 47.000159999999994 1 -1 -1 -1
68 -1 595.00032 205.0002 49.999360000000024 50.99975999999998 1 -1 -1 -1
68 -1 719.00032 171.00036 64.0 59.99975999999998 1 -1 -1 -1
68 -1 681.9999999999999 567.9997199999999 39.0003200000001 28.000080000000025 1 -1 -1 -1
69 -1 724.9996799999999 175.00032000000002 59.0003200000001 63.0 1 -1 -1 -1
69 -1 597.99936 213.99984 51.0003200000001 49.00031999999999 1 -1 -1 -1
69 -1 692.0 572.9997599999999 40.0 31.0003200000001 1 -1 -1 -1
70 -1 604.99968 218.00016000000002 48.0 49.999679999999984 1 -1 -1 -1
70 -1 730.00064 183.99996 64.0 59.99975999999998 1 -1 -1 -1
70 -1 698.0 585.99972 36.0 25.999919999999975 1 -1 -1 -1
71 -1 608.9996799999999 228.00024 51.0003200000001 49.999679999999984 1 -1 -1 -1
71 -1 738.99968 187.99992000000003 60.0 65.00016 1 -1 -1 -1
71 -1 707.9993599999999 596.0001599999999 39.0003200000001 27.0 1 -1 -1 -1
72 -1 728.0006400000001 185.99975999999998 64.9996799999999 63.0 1 -1 -1 -1
72 -1 605.00032 227.00016 48.9996799999999 47.000159999999994 1 -1 -1 -1
72 -1 702.00064 591.99984 40.0 29.00016000000005 1 -1 -1 -1
73 -1 588.99968 229.99968 49.999360000000024 54.0 1 -1 -1 -1
73 -1 716.99968 194.00004000000004 60.9996799999999 59.99975999999998 1 -1 -1 -1
73 -1 692.0 601.0002000000001 36.9996799999999 25.999919999999975 1 -1 -1 -1
74 -1 714.99968 196.0002 64.9996799999999 61.999919999999975 1 -1 -1 -1
74 -1 584.99968 234.00035999999997 52.9996799999999 50.99976000000001 1 -1 -1 -1
74 -1 682.00064 601.0002000000001 40.0 32.999759999999924 1 -1 -1 -1
75 -1 598.00064 249.99984 48.0 49.00031999999999 1 -1 -1 -1
75 -1 725.99936 212.99975999999998 64.0 60.999840000000006 1 -1 -1 -1
75 -1 698.99968 620.99964 36.0 30.000240000000076 1 -1 -1 -1
76 -1 602.99968 257.00003999999996 55.0003200000001 59.99976000000004 1 -1 -1 -1
76 -1 731.9999999999999 222.00012 70.00063999999998 66.00023999999999 1 -1 -1 -1
76 -1 707.00032 636.9998400000001 43.0003200000001 31.9996799999999 1 -1 -1 -1
77 -1 616.0006400000001 269.99963999999994 48.9996799999999 46.000080000000025 1 -1 -1 -1
77 -1 746.00064 229.00032 65.99936000000002 63.0 1 -1 -1 -1
77 -1 720.0 647.00028 40.0 25.999919999999975 1 -1 -1 -1
78 -1 727.9993599999999 642.00024 39.0003200000001 31.9996799999999 1 -1 -1 -1
78 -1 757.00096 219.99996000000002 65.99936000000002 68.99976000000001 1 -1 -1 -1
78 -1 618.99968 261.99972 56.9996799999999 52.999919999999975 1 -1 -1 -1
79 -1 624.9996799999999 269.00028 51.0003200000001 50.99976000000004 1 -1 -1 -1
79 -1 759.00032 226.99980000000002 67.0003200000001 66.00023999999999 1 -1 -1 -1
79 -1 730.00064 646.0002000000001 40.0 32.999759999999924 1 -1 -1 -1
80 -1 730.0 662.99976 42.000639999999976 29.00016000000005 1 -1 -1 -1
80 -1 760.0 234.0 75.0003200000001 67.00031999999999 1 -1 -1 -1
80 -1 626.00064 274.99968 49.999360000000024 49.00031999999999 1 -1 -1 -1
81 -1 645.99936 288.00036 62.000639999999976 68.99976000000004 1 -1 -1 -1
81 -1 788.00064 255.00024000000002 72.9996799999999 72.0 1 -1 -1 -1
81 -1 753.0003200000001 689.00004 44.0 30.000240000000076 1 -1 -1 -1
82 -1 657.0003199999999 321.00012000000004 60.0 61.999919999999975 1 -1 -1 -1
82 -1 801.0003200000001 279.0 68.0 67.99968000000001 1 -1 -1 -1
83 -1 695.9999999999999 354.99996000000004 51.0003200000001 50.99976000000004 1 -1 -1 -1
83 -1 843.00032 309.99996 56.0 55.000080000000025 1 -1 -1 -1
84 -1 700.0 401.99976000000004 56.0 47.00016000000005 1 -1 -1 -1
84 -1 840.99968 344.00016 70.00063999999998 63.0 1 -1 -1 -1
85 -1 684.0006400000001 393.99984 48.9996799999999 49.99968000000001 1 -1 -1 -1
85 -1 816.9996800000001 337.99968 76.9996799999999 67.00031999999999 1 -1 -1 -1
86 -1 672.00064 394.00020000000006 60.0 57.00023999999996 1 -1 -1 -1
86 -1 811.9999999999999 338.99976 70.00063999999998 67.00031999999999 1 -1 -1 -1
87 -1 803.00032 335.99988 72.0 68.99976000000004 1 -1 -1 -1
87 -1 664.00064 391.99967999999996 60.0 56.00016000000005 1 -1 -1 -1
88 -1 648.0000000000001 387.00036 60.9996799999999 52.999919999999975 1 -1 -1 -1
88 -1 790.99968 330.00048 71.0003200000001 67.99968000000001 1 -1 -1 -1
89 -1 639.0003199999999 365.00003999999996 51.0003200000001 52.999919999999975 1 -1 -1 -1
89 -1 778.0006400000001 307.00008 68.9996799999999 69.99983999999995 1 -1 -1 -1
90 -1 623.9993599999999 348.00012 55.0003200000001 57.00023999999996 1 -1 -1 -1
90 -1 764.0000000000001 287.00028 68.9996799999999 68.99976000000004 1 -1 -1 -1
91 -1 758.9996800000001 277.0002 72.9996799999999 68.99976000000004 1 -1 -1 -1
91 -1 618.9996799999999 336.99996 52.0 52.999919999999975 1 -1 -1 -1
92 -1 614.0 345.00024 52.0 49.99968000000001 1 -1 -1 -1
92 -1 756.00064 283.99968 68.0 65.00015999999994 1 -1 -1 -1
93 -1 622.0000000000001 337.00032 48.9996799999999 54.0 1 -1 -1 -1
93 -1 758.99968 276.00012000000004 74.00063999999998 66.00023999999996 1 -1 -1 -1
94 -1 631.9993599999999 326.99987999999996 55.0003200000001 55.000080000000025 1 -1 -1 -1
94 -1 774.0 263.00016 68.0 67.00031999999999 1 -1 -1 -1
95 -1 776.0006400000001 261.99972 72.9996799999999 66.00023999999996 1 -1 -1 -1
95 -1 638.00064 328.00032000000004 49.999360000000024 51.99983999999995 1 -1 -1 -1
96 -1 783.99936 262.00043999999997 74.00063999999998 68.99976000000004 1 -1 -1 -1
96 -1 644.99968 333.99971999999997 54.000639999999976 55.000080000000025 1 -1 -1 -1
97 -1 655.00032 334.00044 51.0003200000001 50.99976000000004 1 -1 -1 -1
97 -1 796.0 255.99996000000002 67.0003200000001 66.00023999999999 1 -1 -1 -1
98 -1 789.9993599999999 254.99952000000002 70.00063999999998 67.00031999999999 1 -1 -1 -1
98 -1 656.0 341.00028000000003 49.999360000000024 52.999919999999975 1 -1 -1 -1
99 -1 646.0006400000001 334.00008 52.9996799999999 49.99968000000001 1 -1 -1 -1
99 -1 779.00032 239.00039999999998 70.00063999999998 69.99983999999998 1 -1 -1 -1
100 -1 772.99968 214.00019999999998 65.99936000000002 68.99976000000001 1 -1 -1 -1
100 -1 641.0003200000001 317.00015999999994 48.9996799999999 47.00016000000005 1 -1 -1 -1
101 -1 645.00096 303.99984 49.999360000000024 49.00031999999999 1 -1 -1 -1
101 -1 777.99936 196.99991999999997 62.000639999999976 65.00016 1 -1 -1 -1
102 -1 646.0 298.9998 48.9996799999999 43.999919999999975 1 -1 -1 -1
102 -1 775.9993599999999 183.99996000000002 63.0003200000001 66.00024000000002 1 -1 -1 -1
102 -1 943.0003199999999 677.0001599999999 43.0003200000001 29.00016000000005 1 -1 -1 -1
103 -1 652.99968 287.00028 54.000639999999976 50.99976000000004 1 -1 -1 -1
103 -1 781.00032 172.9998 63.0003200000001 64.00007999999997 1 -1 -1 -1
103 -1 966.99968 655.0002 40.9996799999999 30.000240000000076 1 -1 -1 -1
104 -1 661.0003199999999 299.99988 52.0 50.99976000000004 1 -1 -1 -1
104 -1 785.0003200000001 181.9998 64.9996799999999 64.00007999999997 1 -1 -1 -1
104 -1 984.99968 662.99976 44.99968000000001 29.00016000000005 1 -1 -1 -1
105 -1 668.0000000000001 311.99976 54.000639999999976 47.00016000000005 1 -1 -1 -1
105 -1 789.00032 190.00008 64.9996799999999 63.0 1 -1 -1 -1
105 -1 1008.0 666.99972 40.0 28.000080000000025 1 -1 -1 -1
106 -1 671.00032 311.0004 59.0003200000001 49.99968000000001 1 -1 -1 -1
106 -1 797.00096 190.99980000000002 65.99936000000002 61.999919999999975 1 -1 -1 -1
