0 -1 315.99968 381.99983999999995 77.00031999999999 63.0 1 -1 -1 -1
0 -1 601.0000000000001 455.99976 38.9996799999999 23.00016000000005 1 -1 -1 -1
1 -1 311.99999999999994 382.00008 80.99968000000001 63.99983999999995 1 -1 -1 -1
1 -1 599.00032 455.99976 40.9996799999999 23.00016000000005 1 -1 -1 -1
2 -1 312.00032 382.00007999999997 78.0 65.00016000000005 1 -1 -1 -1
2 -1 599.00032 460.00008 40.9996799999999 18.99983999999995 1 -1 -1 -1
3 -1 313.0 382.00008 78.0 66.99983999999995 1 -1 -1 -1
3 -1 600.0 455.99976 40.0 23.00016000000005 1 -1 -1 -1
4 -1 313.0 382.00008 78.0 63.99983999999995 1 -1 -1 -1
4 -1 599.00032 458.00016 40.9996799999999 21.0 1 -1 -1 -1
5 -1 345.0 367.00008 89.00031999999999 75.99983999999995 1 -1 -1 -1
6 -1 298.99968 336.99984 108.0 87.0 1 -1 -1 -1
7 -1 116.99999999999997 177.99984 106.99968000000001 78.0 1 -1 -1 -1
7 -1 457.00032000000004 388.00008 116.99967999999996 90.99983999999995 1 -1 -1 -1
8 -1 125.99967999999998 114.0 89.00031999999999 57.0 1 -1 -1 -1
8 -1 370.0 356.99976000000004 99.00031999999999 86.00015999999994 1 -1 -1 -1
9 -1 192.99968 22.99992 79.00031999999999 38.000159999999994 1 -1 -1 -1
9 -1 336.00000000000006 255.0 103.00031999999999 75.0 1 -1 -1 -1
10 -1 62.0 114.99984 96.0 60.0 1 -1 -1 -1
10 -1 321.0 424.99992000000003 126.99968000000001 54.99983999999995 1 -1 -1 -1
11 -1 102.00031999999999 238.99992 118.0 80.00016000000002 1 -1 -1 -1
11 -1 559.9999999999999 432.0 79.0003200000001 48.0 1 -1 -1 -1
12 -1 113.00031999999999 286.99992 100.99968000000001 77.00016000000005 1 -1 -1 -1
12 -1 584.0 338.99976 56.0 65.00016000000005 1 -1 -1 -1
13 -1 114.00031999999999 316.99992 70.99968000000001 62.00016000000005 1 -1 -1 -1
13 -1 487.00032 342.00024 60.0 54.99983999999995 1 -1 -1 -1
14 -1 169.0 226.99992 70.99968000000001 54.99983999999998 1 -1 -1 -1
14 -1 483.0 293.99976 57.00031999999999 50.00016000000005 1 -1 -1 -1
15 -1 177.99999999999997 214.99992 44.99968000000001 32.000159999999994 1 -1 -1 -1
15 -1 388.99968 236.99976 40.0 29.000160000000022 1 -1 -1 -1
16 -1 203.0 183.0 42.0 30.0 1 -1 -1 -1
16 -1 389.0 226.99992 38.99968000000001 32.00016000000002 1 -1 -1 -1
17 -1 208.00032 226.99992 46.0 35.00016000000002 1 -1 -1 -1
17 -1 385.00032 295.00007999999997 40.99968000000001 35.00016000000005 1 -1 -1 -1
18 -1 204.99968 195.00024 48.0 30.999840000000006 1 -1 -1 -1
18 -1 368.0 279.99984 44.99968000000001 36.0 1 -1 -1 -1
19 -1 171.00032 238.00008 64.99968000000001 41.00016000000002 1 -1 -1 -1
19 -1 389.00032 353.00016 60.99968000000001 48.0 1 -1 -1 -1
20 -1 17.0 325.99992 70.0 68.00016000000005 1 -1 -1 -1
20 -1 283.0 249.00024 57.00031999999999 45.99983999999998 1 -1 -1 -1
21 -1 441.00032000000004 184.00008 52.99968000000001 38.000159999999994 1 -1 -1 -1
21 -1 288.99999999999994 322.99992000000003 86.99968000000001 69.99983999999995 1 -1 -1 -1
22 -1 391.00031999999993 180.00024 44.99968000000001 33.999840000000006 1 -1 -1 -1
22 -1 387.99967999999996 353.9997599999999 69.00031999999999 59.00016000000005 1 -1 -1 -1
23 -1 213.99999999999997 144.99983999999998 52.999679999999984 33.0 1 -1 -1 -1
23 -1 315.99968 318.0 89.00031999999999 72.0 1 -1 -1 -1
24 -1 423.99968 273.0 78.0 48.0 1 -1 -1 -1
24 -1 60.0 369.0 72.0 60.0 1 -1 -1 -1
25 -1 86.99968000000001 292.00008 68.0 54.99983999999995 1 -1 -1 -1
25 -1 422.00032 343.99992 86.99968000000001 77.00016000000005 1 -1 -1 -1
26 -1 119.0 334.00007999999997 38.99968000000001 32.00016000000005 1 -1 -1 -1
26 -1 286.0 265.99992000000003 44.0 33.99983999999995 1 -1 -1 -1
27 -1 221.0 202.00008 46.0 30.999840000000006 1 -1 -1 -1
27 -1 185.00032 370.99992 40.99968000000001 32.00016000000005 1 -1 -1 -1
28 -1 240.0 136.99992 44.99968000000001 27.999840000000006 1 -1 -1 -1
28 -1 292.0 297.00024 48.0 36.99983999999995 1 -1 -1 -1
29 -1 254.0 97.99992 40.0 21.999840000000006 1 -1 -1 -1
29 -1 325.00032 224.99975999999998 44.0 32.000159999999994 1 -1 -1 -1
30 -1 334.99999999999994 69.00023999999999 37.00031999999999 18.999840000000006 1 -1 -1 -1
30 -1 355.0 165.99984 38.99968000000001 24.0 1 -1 -1 -1
31 -1 362.00032 99.00023999999999 38.0 24.999840000000006 1 -1 -1 -1
31 -1 263.0 171.0 38.0 24.0 1 -1 -1 -1
32 -1 211.0 138.99984 34.0 21.0 1 -1 -1 -1
32 -1 412.0 192.0 44.99968000000001 30.0 1 -1 -1 -1
33 -1 207.99967999999998 240.00024 38.0 21.999839999999978 1 -1 -1 -1
33 -1 407.99968 324.0 50.0 36.0 1 -1 -1 -1
34 -1 289.0 108.99984 42.0 24.0 1 -1 -1 -1
34 -1 460.99968 243.99984 47.00031999999999 42.0 1 -1 -1 -1
35 -1 176.0 138.0 40.99968000000001 24.0 1 -1 -1 -1
35 -1 349.00032 256.99992 52.0 41.00016000000005 1 -1 -1 -1
36 -1 366.99968 114.99984 36.0 27.0 1 -1 -1 -1
36 -1 357.00032 184.99992 44.99968000000001 35.000159999999994 1 -1 -1 -1
37 -1 274.0 211.00008 48.0 30.999840000000006 1 -1 -1 -1
37 -1 344.0 282.0 55.00031999999999 42.0 1 -1 -1 -1
38 -1 118.0 146.00016 67.00031999999999 42.0 1 -1 -1 -1
38 -1 298.0 281.99976 124.0 95.00016000000005 1 -1 -1 -1
39 -1 265.00032 243.99984 52.0 36.0 1 -1 -1 -1
39 -1 304.0 300.99984 104.0 84.0 1 -1 -1 -1
40 -1 311.99968 151.00008 42.0 32.000159999999994 1 -1 -1 -1
40 -1 262.00032 218.99976 86.99968000000001 71.00015999999997 1 -1 -1 -1
41 -1 330.00032 170.99976 42.0 38.000159999999994 1 -1 -1 -1
41 -1 253.00032 301.00008 64.99968000000001 57.99983999999995 1 -1 -1 -1
42 -1 142.0 324.0 52.0 39.0 1 -1 -1 -1
42 -1 346.00032 418.00008 82.0 60.99983999999995 1 -1 -1 -1
43 -1 185.00032 156.0 64.99968000000001 42.0 1 -1 -1 -1
43 -1 155.0 364.99992 114.0 90.99984000000006 1 -1 -1 -1
44 -1 280.00032 138.99984 62.0 39.0 1 -1 -1 -1
44 -1 423.0 334.00008 90.99968000000001 75.99983999999995 1 -1 -1 -1
45 -1 369.0 159.99984 54.0 42.0 1 -1 -1 -1
45 -1 407.99968 337.99992 82.0 74.00016000000005 1 -1 -1 -1
46 -1 427.0 186.99984 50.0 36.0 1 -1 -1 -1
46 -1 302.99968 328.99992000000003 84.0 69.99983999999995 1 -1 -1 -1
47 -1 345.0 228.99983999999998 50.99968000000001 38.99999999999997 1 -1 -1 -1
47 -1 230.0 346.99992 64.0 57.99983999999995 1 -1 -1 -1
48 -1 314.00032 229.00008 70.99968000000001 45.99983999999998 1 -1 -1 -1
48 -1 469.99968 196.99992 49.00031999999999 35.000159999999994 1 -1 -1 -1
49 -1 190.00000000000003 148.99992 59.00031999999999 42.999840000000006 1 -1 -1 -1
49 -1 452.00032 287.00016000000005 70.0 54.0 1 -1 -1 -1
50 -1 427.00032000000004 133.00008 60.99968000000001 35.000159999999994 1 -1 -1 -1
50 -1 362.00032000000004 322.99992 70.99968000000001 60.99983999999995 1 -1 -1 -1
51 -1 188.99968 259.00008 60.0 45.99983999999995 1 -1 -1 -1
51 -1 441.00032000000004 237.00024000000005 52.99968000000001 48.99983999999998 1 -1 -1 -1
52 -1 452.99968 212.00016 64.0 36.0 1 -1 -1 -1
52 -1 250.0 322.00007999999997 72.0 53.00016000000005 1 -1 -1 -1
53 -1 304.99968000000007 123.00023999999999 83.00031999999999 39.999840000000006 1 -1 -1 -1
53 -1 422.0 44.00016 68.0 23.999999999999993 1 -1 -1 -1
54 -1 356.00032 175.99992 102.0 47.000159999999994 1 -1 -1 -1
54 -1 408.99967999999996 62.999759999999995 67.00031999999999 20.000159999999994 1 -1 -1 -1
55 -1 167.00032 69.00023999999999 108.0 39.999840000000006 1 -1 -1 -1
55 -1 270.00032 36.000240000000005 62.99968000000001 18.999839999999992 1 -1 -1 -1
56 -1 121.00032000000002 88.99992 84.0 56.000159999999994 1 -1 -1 -1
56 -1 392.99968 37.00008 55.00031999999999 59.000159999999994 1 -1 -1 -1
57 -1 4.0 109.99992 59.00032 41.000159999999994 1 -1 -1 -1
57 -1 317.0 45.00023999999999 70.0 66.99984 1 -1 -1 -1
58 -1 191.00032 122.00016 80.99968000000001 75.0 1 -1 -1 -1
58 -1 430.00032 111.00000000000001 74.0 26.999999999999986 1 -1 -1 -1
59 -1 237.99968 70.00008 57.00031999999999 56.000159999999994 1 -1 -1 -1
59 -1 453.0 107.99999999999999 82.0 30.000000000000014 1 -1 -1 -1
60 -1 228.0 96.00024 52.99968000000001 27.999840000000006 1 -1 -1 -1
60 -1 433.0 160.00008 70.0 50.000159999999994 1 -1 -1 -1
61 -1 379.0 189.0 62.0 39.0 1 -1 -1 -1
61 -1 426.0 345.00023999999996 100.0 81.99984000000006 1 -1 -1 -1
62 -1 334.99968 107.99976 79.00031999999999 32.00016000000001 1 -1 -1 -1
62 -1 196.0 283.99992 140.99968 93.99983999999995 1 -1 -1 -1
63 -1 335.00032000000004 183.00024 64.99968000000001 36.999840000000006 1 -1 -1 -1
63 -1 443.0 317.00016 98.0 75.0 1 -1 -1 -1
64 -1 230.99968 273.99984 68.0 45.0 1 -1 -1 -1
64 -1 481.00032 283.00008 80.0 54.99983999999995 1 -1 -1 -1
65 -1 308.99999999999994 246.00024 69.00031999999999 42.99983999999998 1 -1 -1 -1
65 -1 523.99968 213.99984 70.0 42.0 1 -1 -1 -1
66 -1 312.0 186.99983999999998 132.0 83.99999999999997 1 -1 -1 -1
67 -1 76.00031999999999 163.00008000000003 86.99968000000001 56.000159999999994 1 -1 -1 -1
67 -1 374.0 316.99992 135.00032 122.00016000000005 1 -1 -1 -1
68 -1 296.00032 33.0 106.99968000000001 48.0 1 -1 -1 -1
69 -1 221.99968 303.00023999999996 154.0 120.99984000000006 1 -1 -1 -1
69 -1 482.99968 70.99992 84.0 44.000159999999994 1 -1 -1 -1
70 -1 354.0 120.99984 75.00031999999999 39.0 1 -1 -1 -1
70 -1 405.0 300.00023999999996 130.99968 96.99984000000006 1 -1 -1 -1
71 -1 561.0 93.0 78.0 51.0 1 -1 -1 -1
71 -1 259.0 274.00008 153.00032 123.99983999999995 1 -1 -1 -1
72 -1 235.0 214.99992 166.0 117.99983999999998 1 -1 -1 -1
73 -1 238.00032 283.00008 198.0 162.99983999999995 1 -1 -1 -1
73 -1 608.0 73.99992 32.0 56.000159999999994 1 -1 -1 -1
74 -1 284.99967999999996 124.00008 75.00031999999999 48.999840000000006 1 -1 -1 -1
74 -1 343.99968 322.00007999999997 129.00032 110.00016000000005 1 -1 -1 -1
75 -1 418.99968 164.99976 48.0 41.000159999999994 1 -1 -1 -1
75 -1 293.00032 301.00008 64.99968000000001 56.00016000000005 1 -1 -1 -1
76 -1 280.99968 237.00024000000005 84.0 63.99983999999998 1 -1 -1 -1
76 -1 520.9996799999999 223.00007999999997 55.0003200000001 45.999840000000006 1 -1 -1 -1
77 -1 188.00032 262.00008 106.0 78.99983999999995 1 -1 -1 -1
77 -1 496.0 217.00008 68.0 53.00016000000002 1 -1 -1 -1
78 -1 321.0 268.99992 86.0 68.00016000000005 1 -1 -1 -1
78 -1 535.0000000000001 168.00024000000002 50.9996799999999 45.999840000000006 1 -1 -1 -1
79 -1 326.00032000000004 156.0 62.99968000000001 42.0 1 -1 -1 -1
79 -1 334.99968 315.0 100.0 81.0 1 -1 -1 -1
80 -1 329.99968 169.00008 69.00031999999999 42.999840000000006 1 -1 -1 -1
80 -1 414.0 337.99992 115.00031999999999 95.00016000000005 1 -1 -1 -1
81 -1 323.0 121.99992 70.99968000000001 39.999840000000006 1 -1 -1 -1
81 -1 332.0 310.00008 124.0 99.99983999999995 1 -1 -1 -1
82 -1 487.99967999999996 165.0 69.00032000000004 45.0 1 -1 -1 -1
82 -1 222.99968 336.0 115.00031999999999 96.0 1 -1 -1 -1
83 -1 203.00032000000002 175.00008 99.99999999999997 63.999840000000006 1 -1 -1 -1
83 -1 439.00032 300.0 96.0 75.0 1 -1 -1 -1
84 -1 195.0 124.00008 106.0 60.999840000000006 1 -1 -1 -1
84 -1 321.99968 390.0 126.0 90.0 1 -1 -1 -1
85 -1 122.0 178.99991999999997 104.0 69.99984 1 -1 -1 -1
85 -1 417.00032 309.0 100.0 84.0 1 -1 -1 -1
86 -1 53.00032 310.99992 99.99999999999999 84.99983999999995 1 -1 -1 -1
86 -1 395.00032 244.00008 80.99968000000001 57.99983999999998 1 -1 -1 -1
87 -1 102.0 118.99992 123.00031999999999 78.99984 1 -1 -1 -1
87 -1 417.00032 22.99992 84.99968000000001 45.99983999999999 1 -1 -1 -1
88 -1 52.99999999999999 39.99984 70.99967999999998 42.00000000000001 1 -1 -1 -1
88 -1 253.0 125.00016 102.0 63.0 1 -1 -1 -1
89 -1 327.0 107.00016 109.00031999999999 54.0 1 -1 -1 -1
89 -1 228.0 318.00024 116.0 87.99983999999995 1 -1 -1 -1
90 -1 203.0 334.00008 90.99968000000001 75.99983999999995 1 -1 -1 -1
90 -1 504.99968000000007 278.99976000000004 103.00032000000004 98.00015999999994 1 -1 -1 -1
91 -1 174.0 1.0000800000000005 136.0 36.999840000000006 1 -1 -1 -1
91 -1 318.99968 319.99992 268.0 159.99984000000006 1 -1 -1 -1
92 -1 322.99968 9.999839999999999 80.0 45.0 1 -1 -1 -1
92 -1 297.0 136.00008 134.0 83.00016 1 -1 -1 -1
93 -1 214.99968 151.99992 100.0 57.999840000000006 1 -1 -1 -1
93 -1 416.00032 238.99992 110.0 89.00016000000002 1 -1 -1 -1
94 -1 223.99968 247.00008 66.0 47.00016000000002 1 -1 -1 -1
94 -1 396.00032 228.99983999999998 82.0 53.99999999999997 1 -1 -1 -1
95 -1 297.99968 232.99992000000003 42.0 32.000159999999994 1 -1 -1 -1
95 -1 409.00000000000006 214.00008 57.00031999999999 39.999840000000006 1 -1 -1 -1
96 -1 307.0 244.00008000000005 49.00031999999999 35.00016000000002 1 -1 -1 -1
96 -1 426.00032 259.00008 50.0 33.99983999999995 1 -1 -1 -1
97 -1 367.00032 218.99976 60.0 41.00016000000002 1 -1 -1 -1
97 -1 491.00032000000004 278.00016 72.99967999999996 63.0 1 -1 -1 -1
98 -1 389.0 181.00008 46.0 33.999840000000006 1 -1 -1 -1
98 -1 434.99999999999994 268.00008 77.00032000000004 60.99983999999995 1 -1 -1 -1
99 -1 316.00032 132.99984 50.0 39.0 1 -1 -1 -1
99 -1 328.99968 235.00008 88.0 62.00016000000002 1 -1 -1 -1
100 -1 388.00032 190.00008 66.0 51.999840000000006 1 -1 -1 -1
100 -1 425.0 338.99976000000004 118.0 98.00015999999994 1 -1 -1 -1
101 -1 265.0 164.99976 57.00031999999999 41.000159999999994 1 -1 -1 -1
101 -1 425.0 163.00008 74.0 45.999840000000006 1 -1 -1 -1
102 -1 286.99968 240.00024 67.00031999999999 45.99983999999998 1 -1 -1 -1
102 -1 421.99968 195.0 77.00031999999999 48.0 1 -1 -1 -1
103 -1 257.0 248.00016 78.0 60.0 1 -1 -1 -1
103 -1 442.00032 284.00016 78.0 63.0 1 -1 -1 -1
104 -1 390.0 228.00024000000002 59.00031999999999 42.999840000000006 1 -1 -1 -1
104 -1 448.99968 342.0 99.00031999999999 84.0 1 -1 -1 -1
105 -1 343.00032 84.00000000000001 96.99968000000001 80.99999999999999 1 -1 -1 -1
105 -1 291.00032 309.99983999999995 168.0 132.0 1 -1 -1 -1
106 -1 193.00032 118.99992 60.99968000000001 38.000159999999994 1 -1 -1 -1
106 -1 418.00032 178.99992 78.0 56.000159999999994 1 -1 -1 -1
107 -1 270.0 245.00016 76.0 57.0 1 -1 -1 -1
107 -1 515.00032 228.99984 84.0 60.0 1 -1 -1 -1
108 -1 409.00032 165.0 64.0 45.0 1 -1 -1 -1
108 -1 308.99967999999996 319.00007999999997 67.00031999999999 59.00016000000005 1 -1 -1 -1
109 -1 331.99999999999994 274.99992 143.00032 111.99983999999995 1 -1 -1 -1
109 -1 420.00032 42.0 110.0 48.0 1 -1 -1 -1
110 -1 302.00032000000004 316.00008 90.99968000000001 75.99983999999995 1 -1 -1 -1
110 -1 592.99968 294.0 47.0003200000001 87.0 1 -1 -1 -1
111 -1 324.99968 182.99976 80.0 74.00015999999997 1 -1 -1 -1
111 -1 518.99968 368.99976 100.0 110.00016000000005 1 -1 -1 -1
112 -1 344.0 345.00024 60.99968000000001 51.99983999999995 1 -1 -1 -1
112 -1 534.0000000000001 309.0 64.9996799999999 57.0 1 -1 -1 -1
113 -1 375.0 214.99992 62.0 48.99983999999998 1 -1 -1 -1
113 -1 242.00032 348.99984 66.0 57.0 1 -1 -1 -1
114 -1 307.0 429.0 58.0 48.0 1 -1 -1 -1
114 -1 453.0 333.99984 62.0 51.0 1 -1 -1 -1
115 -1 162.0 385.99992000000003 60.0 51.99983999999995 1 -1 -1 -1
115 -1 322.99968 316.99992 72.0 59.00016000000005 1 -1 -1 -1
116 -1 59.0 245.00016 46.0 39.0 1 -1 -1 -1
116 -1 179.0 183.00024 50.0 36.999840000000006 1 -1 -1 -1
117 -1 193.0 191.99976 38.0 26.000159999999994 1 -1 -1 -1
117 -1 308.0 188.99976 44.0 26.000159999999994 1 -1 -1 -1
118 -1 173.00032 365.00016 56.0 39.0 1 -1 -1 -1
118 -1 335.00032 332.99976 64.0 44.00016000000005 1 -1 -1 -1
119 -1 316.99968 344.99976 52.0 38.00016000000005 1 -1 -1 -1
119 -1 394.00000000000006 247.00008000000005 47.00031999999999 29.000160000000022 1 -1 -1 -1
120 -1 387.0 236.99976 38.0 26.000160000000022 1 -1 -1 -1
120 -1 438.0 170.99975999999998 35.00031999999999 26.000159999999994 1 -1 -1 -1
121 -1 293.0 204.00024 38.99968000000001 30.999840000000006 1 -1 -1 -1
121 -1 210.00032 277.00007999999997 42.99968000000001 35.00016000000005 1 -1 -1 -1
122 -1 407.99968 195.00024 50.0 33.999840000000006 1 -1 -1 -1
122 -1 301.00032 268.00007999999997 52.0 38.00016000000005 1 -1 -1 -1
123 -1 321.0 382.99992 57.00031999999999 50.00016000000005 1 -1 -1 -1
123 -1 453.0 332.9997599999999 50.99968000000001 41.00016000000005 1 -1 -1 -1
124 -1 212.99967999999998 255.99984 55.000320000000016 42.0 1 -1 -1 -1
124 -1 369.0 225.00024000000002 62.0 42.999840000000006 1 -1 -1 -1
125 -1 283.0 328.00008 58.0 45.99983999999995 1 -1 -1 -1
125 -1 444.0 297.0 64.0 39.0 1 -1 -1 -1
126 -1 358.0 283.00008 52.0 33.99983999999995 1 -1 -1 -1
126 -1 253.0 377.99976 50.0 38.00016000000005 1 -1 -1 -1
127 -1 240.0 207.00024000000002 52.0 27.999840000000006 1 -1 -1 -1
127 -1 353.0 139.00008 42.99968000000001 33.999840000000006 1 -1 -1 -1
128 -1 339.99968 165.00024 50.0 27.999840000000006 1 -1 -1 -1
128 -1 453.99968 215.99975999999998 58.0 41.000159999999994 1 -1 -1 -1
129 -1 415.0 244.99992 49.00031999999999 33.99983999999998 1 -1 -1 -1
129 -1 442.00032 358.99992 58.0 48.99983999999995 1 -1 -1 -1
130 -1 503.00000000000006 243.0 49.000320000000045 39.0 1 -1 -1 -1
130 -1 428.0 333.99984 72.0 57.0 1 -1 -1 -1
131 -1 245.0 219.99984 77.00031999999999 54.0 1 -1 -1 -1
131 -1 422.00031999999993 235.99992 62.99968000000001 59.00016000000002 1 -1 -1 -1
132 -1 316.99968 333.99984 56.0 45.0 1 -1 -1 -1
132 -1 466.0 333.0 47.00031999999999 42.0 1 -1 -1 -1
133 -1 366.99968 364.00008 95.00031999999999 74.00015999999994 1 -1 -1 -1
133 -1 534.9996799999999 297.00024 59.0003200000001 45.99983999999995 1 -1 -1 -1
134 -1 326.00032 277.00007999999997 50.0 38.00016000000005 1 -1 -1 -1
134 -1 249.0 354.0 70.99968000000001 51.0 1 -1 -1 -1
135 -1 320.00032 231.00024 42.0 27.999839999999978 1 -1 -1 -1
135 -1 260.99968 287.9997599999999 55.00031999999999 41.00016000000005 1 -1 -1 -1
136 -1 308.0 245.99976 44.99968000000001 38.00016000000002 1 -1 -1 -1
136 -1 173.99968 283.00007999999997 57.00031999999999 44.00016000000005 1 -1 -1 -1
137 -1 418.0 369.0002400000001 67.00031999999999 54.99983999999995 1 -1 -1 -1
137 -1 562.00032 394.00007999999997 58.0 53.00016000000005 1 -1 -1 -1
138 -1 116.0 277.99992 59.00031999999999 41.00016000000005 1 -1 -1 -1
138 -1 324.0 291.99984 55.00031999999999 39.0 1 -1 -1 -1
139 -1 449.0 301.00007999999997 62.0 47.00016000000005 1 -1 -1 -1
139 -1 225.99968 344.00016 77.00031999999999 69.0 1 -1 -1 -1
140 -1 279.00032 251.99976 52.99968000000001 44.00016000000002 1 -1 -1 -1
140 -1 415.0 183.0 50.99968000000001 39.0 1 -1 -1 -1
141 -1 421.99968 287.99976 54.0 50.00016000000005 1 -1 -1 -1
141 -1 298.0 418.00008 80.0 62.00016000000005 1 -1 -1 -1
142 -1 276.00032 305.99976000000004 142.0 104.00015999999994 1 -1 -1 -1
143 -1 329.00032 187.99992 204.0 162.99984000000003 1 -1 -1 -1
144 -1 340.0 97.00007999999998 264.0 191.00016000000005 1 -1 -1 -1
145 -1 254.0 139.99992 336.0 251.00016000000002 1 -1 -1 -1
146 -1 353.0 33.000240000000005 258.0 147.99984 1 -1 -1 -1
147 -1 154.0 0.999839999999999 180.0 42.0 1 -1 -1 -1
148 -1 173.0 205.99992 89.00031999999999 74.00016000000002 1 -1 -1 -1
148 -1 450.99968 448.00008 99.00031999999999 32.00016000000005 1 -1 -1 -1
149 -1 216.99968 244.99992 75.00031999999999 60.99983999999998 1 -1 -1 -1
149 -1 444.0 188.00016 64.0 45.0 1 -1 -1 -1
150 -1 360.00000000000006 274.00008 75.00031999999999 60.99983999999995 1 -1 -1 -1
150 -1 516.9996799999999 161.99975999999998 55.0003200000001 44.000159999999994 1 -1 -1 -1
151 -1 275.00032 256.99992 120.0 95.00016000000005 1 -1 -1 -1
151 -1 370.99968 80.99976000000001 56.0 41.000159999999994 1 -1 -1 -1
152 -1 415.0 86.00016 66.0 45.0 1 -1 -1 -1
152 -1 450.0 292.99992 112.0 101.00016000000005 1 -1 -1 -1
153 -1 212.99968 116.99976000000001 59.00031999999999 38.000159999999994 1 -1 -1 -1
153 -1 282.0 266.00016 84.99968000000001 75.0 1 -1 -1 -1
154 -1 415.99968 328.00008 109.00031999999999 96.99983999999995 1 -1 -1 -1
154 -1 542.0 135.99984 64.0 48.0 1 -1 -1 -1
155 -1 255.99968 265.00008 93.00031999999999 75.99983999999995 1 -1 -1 -1
155 -1 517.0 208.99992 62.0 53.00016000000002 1 -1 -1 -1
156 -1 108.0 247.99992 100.0 87.99983999999998 1 -1 -1 -1
156 -1 416.0 179.00016 84.0 63.0 1 -1 -1 -1
157 -1 365.99999999999994 190.99992000000003 115.00031999999999 101.00016 1 -1 -1 -1
157 -1 406.0 12.0 59.00031999999999 39.0 1 -1 -1 -1
158 -1 273.99968 37.99992 57.00031999999999 36.99983999999999 1 -1 -1 -1
158 -1 403.00032 134.99976 68.0 50.000159999999994 1 -1 -1 -1
159 -1 506.00000000000006 113.00016 59.000320000000045 39.0 1 -1 -1 -1
159 -1 468.99968000000007 291.00023999999996 103.00032000000004 93.99984000000006 1 -1 -1 -1
160 -1 246.0 146.99976 76.0 56.000159999999994 1 -1 -1 -1
160 -1 416.00000000000006 41.999759999999995 60.99968000000001 41.000159999999994 1 -1 -1 -1
161 -1 355.00032 175.00008 80.0 68.00016 1 -1 -1 -1
161 -1 539.00032 58.99992 60.9996799999999 47.000159999999994 1 -1 -1 -1
162 -1 349.0 268.00008 94.0 72.99983999999995 1 -1 -1 -1
162 -1 500.0 115.00008 56.0 45.999840000000006 1 -1 -1 -1
163 -1 507.99968 123.00024000000002 62.0 45.999840000000006 1 -1 -1 -1
163 -1 466.99967999999996 321.00024 103.00032000000004 102.99983999999995 1 -1 -1 -1
164 -1 305.0 87.0 62.0 39.0 1 -1 -1 -1
164 -1 452.0 205.00008 75.00031999999999 57.99983999999998 1 -1 -1 -1
165 -1 349.00000000000006 192.0 77.00031999999999 66.0 1 -1 -1 -1
165 -1 537.00032 424.99992000000003 80.0 54.99983999999995 1 -1 -1 -1
166 -1 363.00032 67.99992 56.0 30.999840000000006 1 -1 -1 -1
166 -1 433.00031999999993 199.00008 80.99968000000007 71.00015999999997 1 -1 -1 -1
167 -1 311.99968 26.99976 62.0 35.00016000000001 1 -1 -1 -1
167 -1 322.0 190.00008000000003 116.0 92.00016 1 -1 -1 -1
168 -1 394.0 147.00024 96.0 90.99984 1 -1 -1 -1
169 -1 408.0 217.00008 136.0 128.00015999999997 1 -1 -1 -1
170 -1 439.99968 160.00008 106.0 99.99983999999998 1 -1 -1 -1
171 -1 380.99968 109.99992 155.00032 134.00016 1 -1 -1 -1
172 -1 501.99968 166.00008 94.0 75.99984 1 -1 -1 -1
173 -1 253.0 91.00008 146.0 86.00016 1 -1 -1 -1
174 -1 243.0 21.0 233.00032 99.0 1 -1 -1 -1
175 -1 307.0 1.0000800000000005 86.99968000000001 29.00016 1 -1 -1 -1
175 -1 276.00032 147.00024 206.99968 135.99984000000003 1 -1 -1 -1
176 -1 279.99968 151.99992 69.00031999999999 36.999840000000006 1 -1 -1 -1
176 -1 290.00032 340.00008 122.0 98.00016000000005 1 -1 -1 -1
177 -1 453.0 369.00023999999996 77.00031999999999 63.99984000000006 1 -1 -1 -1
177 -1 589.9999999999999 238.99992 47.0003200000001 45.99983999999998 1 -1 -1 -1
178 -1 220.00032 226.99992 90.99968000000001 69.99983999999998 1 -1 -1 -1
178 -1 484.99967999999996 179.00016 67.00032000000004 51.0 1 -1 -1 -1
179 -1 420.00032 192.0 102.0 81.0 1 -1 -1 -1
179 -1 37.99999999999999 110.99976000000001 103.00031999999999 95.00016 1 -1 -1 -1
180 -1 269.0 326.00016 106.0 93.0 1 -1 -1 -1
180 -1 561.99968 215.00016 69.0003200000001 66.0 1 -1 -1 -1
181 -1 453.0 80.99976000000001 70.0 50.000159999999994 1 -1 -1 -1
181 -1 433.00000000000006 290.9997599999999 129.00032000000004 110.00016000000005 1 -1 -1 -1
182 -1 181.0 135.99984 62.99968000000001 42.0 1 -1 -1 -1
182 -1 345.0 246.0 86.99968000000001 63.0 1 -1 -1 -1
183 -1 303.99999999999994 201.00024000000002 79.00031999999999 54.999840000000006 1 -1 -1 -1
183 -1 483.0 408.0 90.0 72.0 1 -1 -1 -1
184 -1 333.00000000000006 87.99984 129.00032 99.0 1 -1 -1 -1
185 -1 344.0 177.0 72.99968000000001 48.0 1 -1 -1 -1
185 -1 298.0 417.0 140.0 63.0 1 -1 -1 -1
186 -1 482.00032000000004 90.0 70.99967999999996 54.0 1 -1 -1 -1
186 -1 246.99968 238.99992 100.0 83.00016000000002 1 -1 -1 -1
187 -1 168.0 165.00024 88.0 63.999840000000006 1 -1 -1 -1
187 -1 416.00032 139.99992 70.0 45.999840000000006 1 -1 -1 -1
188 -1 84.00031999999999 89.00016 98.0 45.0 1 -1 -1 -1
188 -1 376.0 72.99984 79.00031999999999 33.0 1 -1 -1 -1
189 -1 94.0 0.999839999999999 120.0 60.0 1 -1 -1 -1
189 -1 521.9996800000001 127.99992 109.00031999999987 95.00016 1 -1 -1 -1
190 -1 0.9999999999999929 15.000239999999998 90.99968000000001 66.99984 1 -1 -1 -1
190 -1 307.99968 217.00008 161.00032 141.99983999999998 1 -1 -1 -1
191 -1 289.99968 167.00016 86.0 66.0 1 -1 -1 -1
191 -1 493.00000000000006 49.00008 69.00032000000004 51.999840000000006 1 -1 -1 -1
192 -1 341.99968000000007 15.0 89.00031999999999 54.0 1 -1 -1 -1
192 -1 490.0 214.99992 104.0 105.99984000000003 1 -1 -1 -1
193 -1 278.00000000000006 115.00008 96.99968000000001 59.000159999999994 1 -1 -1 -1
194 -1 212.99968 62.99976000000001 67.00031999999999 41.000159999999994 1 -1 -1 -1
194 -1 283.00000000000006 187.99992 89.00031999999999 68.00016000000002 1 -1 -1 -1
195 -1 262.0 216.00024 95.00031999999999 72.99983999999998 1 -1 -1 -1
195 -1 444.99968 79.00008 67.00031999999999 45.999840000000006 1 -1 -1 -1
196 -1 191.00032 135.0 120.99968000000001 99.0 1 -1 -1 -1
196 -1 530.0 172.00008 83.0003200000001 66.99984 1 -1 -1 -1
197 -1 221.00032 297.99984 100.99968000000001 93.0 1 -1 -1 -1
197 -1 518.0 191.99976 76.0 68.00015999999997 1 -1 -1 -1
198 -1 427.0 82.99992 70.0 50.000159999999994 1 -1 -1 -1
198 -1 260.00032 273.99984 110.99968000000001 93.0 1 -1 -1 -1
199 -1 167.0 103.00008000000001 58.0 44.00016000000001 1 -1 -1 -1
199 -1 276.0 240.00024 83.00031999999999 69.99983999999998 1 -1 -1 -1
