200 -1 573.00032 546.0001199999999 79.0003200000001 73.00008000000003 1 -1 -1 -1
200 -1 640.0 642.99996 57.999360000000024 48.000240000000076 1 -1 -1 -1
200 -1 1018.9996799999999 457.99992000000003 63.0003200000001 56.000159999999994 1 -1 -1 -1
201 -1 1003.99936 434.00016000000005 63.0003200000001 58.99968000000001 1 -1 -1 -1
201 -1 566.0006400000001 529.0002 76.9996799999999 75.00024000000008 1 -1 -1 -1
201 -1 634.9996800000001 623.99988 56.9996799999999 48.000240000000076 1 -1 -1 -1
202 -1 562.00064 511.99992 80.0 74.00016000000005 1 -1 -1 -1
202 -1 638.99904 608.99976 54.000639999999976 42.99983999999995 1 -1 -1 -1
202 -1 1000.0006400000002 411.99984000000006 64.9996799999999 58.00031999999999 1 -1 -1 -1
203 -1 574.0 485.9999999999999 77.99936000000002 74.00016000000005 1 -1 -1 -1
203 -1 646.9996799999999 578.00016 55.0003200000001 49.9996799999999 1 -1 -1 -1
203 -1 1001.0003200000001 379.00008 68.0 60.99983999999995 1 -1 -1 -1
204 -1 579.00032 471.99996 80.0 68.99976000000004 1 -1 -1 -1
204 -1 652.99968 560.0001599999999 56.0 49.0003200000001 1 -1 -1 -1
204 -1 1009.0003199999999 363.00024 60.0 54.0 1 -1 -1 -1
205 -1 1016.0 328.99968 67.0003200000001 65.00015999999994 1 -1 -1 -1
205 -1 590.99968 448.0002 79.0003200000001 75.00024000000002 1 -1 -1 -1
205 -1 663.00032 536.00004 59.0003200000001 50.999759999999924 1 -1 -1 -1
206 -1 1032.9996800000001 301.00032 60.9996799999999 54.0 1 -1 -1 -1
206 -1 607.0003200000001 425.99988 76.9996799999999 68.99976000000004 1 -1 -1 -1
206 -1 686.0 514.0000800000001 48.9996799999999 40.9996799999999 1 -1 -1 -1
207 -1 617.00032 414.99972 72.9996799999999 61.999919999999975 1 -1 -1 -1
207 -1 692.0 497.99952 49.999360000000024 40.000320000000045 1 -1 -1 -1
207 -1 1039.0003199999999 280.9998 59.0003200000001 50.99976000000004 1 -1 -1 -1
208 -1 619.0003199999999 414.0 75.0003200000001 65.00016000000005 1 -1 -1 -1
208 -1 696.99968 495.0 54.000639999999976 42.99983999999995 1 -1 -1 -1
208 -1 1042.0006400000002 273.00024 60.9996799999999 54.0 1 -1 -1 -1
209 -1 1044.00064 271.9998 60.0 55.000080000000025 1 -1 -1 -1
209 -1 619.0003200000001 415.00008 76.9996799999999 67.00031999999999 1 -1 -1 -1
209 -1 696.9996799999999 498.00024 56.0 40.999679999999955 1 -1 -1 -1
210 -1 623.00032 415.00008 75.0003200000001 63.0 1 -1 -1 -1
210 -1 702.0006400000001 496.00007999999997 52.9996799999999 40.999679999999955 1 -1 -1 -1
210 -1 1044.99968 270.00036 62.0006400000002 52.999919999999975 1 -1 -1 -1
211 -1 1043.99936 280.00043999999997 68.0 59.99976000000004 1 -1 -1 -1
211 -1 622.99968 426.00023999999996 76.0 65.00016000000005 1 -1 -1 -1
211 -1 701.99936 507.99960000000004 54.000639999999976 40.000320000000045 1 -1 -1 -1
212 -1 703.0003200000001 513.0 52.9996799999999 40.9996799999999 1 -1 -1 -1
212 -1 633.00032 433.00008 76.0 65.00015999999994 1 -1 -1 -1
212 -1 1045.9993599999998 287.00028000000003 62.0006400000002 52.999919999999975 1 -1 -1 -1
213 -1 648.99904 440.99963999999994 74.00063999999998 64.00008000000003 1 -1 -1 -1
213 -1 695.9999999999999 515.99988 51.0003200000001 39.000240000000076 1 -1 -1 -1
213 -1 1042.0006400000002 290.00016 60.9996799999999 54.0 1 -1 -1 -1
214 -1 685.00032 527.0004 52.0 42.99983999999995 1 -1 -1 -1
214 -1 651.0003200000001 455.00004 76.9996799999999 64.00008000000003 1 -1 -1 -1
214 -1 1033.9993599999998 308.00016 62.0006400000002 54.0 1 -1 -1 -1
215 -1 633.9999999999999 462.00023999999996 79.0003200000001 67.99968000000001 1 -1 -1 -1
215 -1 1014.0 322.00019999999995 63.0003200000001 55.000080000000025 1 -1 -1 -1
215 -1 664.0 533.99988 52.9996799999999 43.999919999999975 1 -1 -1 -1
216 -1 1002.9996799999999 340.99992000000003 63.0003200000001 49.99968000000001 1 -1 -1 -1
216 -1 618.99968 469.9998 76.0 64.00007999999997 1 -1 -1 -1
216 -1 645.00032 540.00036 55.0003200000001 43.999919999999975 1 -1 -1 -1
217 -1 596.00064 473.00004 77.99936000000002 66.00023999999996 1 -1 -1 -1
217 -1 982.00064 342.99972 64.0 52.999919999999975 1 -1 -1 -1
217 -1 623.00032 546.0001199999999 56.0 43.999919999999975 1 -1 -1 -1
218 -1 969.00032 349.00020000000006 64.99968000000001 57.00023999999996 1 -1 -1 -1
218 -1 598.0 485.99999999999994 76.0 67.00032000000004 1 -1 -1 -1
218 -1 626.9996799999999 555.99984 55.0003200000001 45.0 1 -1 -1 -1
219 -1 598.99968 496.9998 76.0 66.00024000000002 1 -1 -1 -1
219 -1 948.0006400000001 348.00012 64.9996799999999 57.00023999999996 1 -1 -1 -1
219 -1 640.99968 564.9998400000001 56.0 45.0 1 -1 -1 -1
220 -1 615.00032 504.0 75.0003200000001 65.00016000000005 1 -1 -1 -1
220 -1 687.99936 573.99984 55.0003200000001 45.0 1 -1 -1 -1
220 -1 951.00032 349.00020000000006 62.000639999999976 57.00023999999996 1 -1 -1 -1
