371 -1 454.0 260.99964 60.0 55.000080000000025 1 -1 -1 -1
371 -1 652.99968 278.99964 89.99936000000002 82.00008000000003 1 -1 -1 -1
371 -1 832.99968 126.00035999999999 76.9996799999999 59.999759999999995 1 -1 -1 -1
372 -1 432.00000000000006 255.00024 68.99968000000001 65.00016000000002 1 -1 -1 -1
372 -1 635.00032 278.99964 96.0 84.00023999999996 1 -1 -1 -1
372 -1 814.9996799999999 125.00027999999999 79.0003200000001 61.99991999999999 1 -1 -1 -1
373 -1 418.99968 259.99992 60.0 56.00016000000005 1 -1 -1 -1
373 -1 616.0 277.0002 94.00063999999998 84.00023999999996 1 -1 -1 -1
373 -1 797.9993600000001 122.99976000000001 70.00063999999998 58.00031999999999 1 -1 -1 -1
374 -1 407.00032 250.99956 59.00031999999999 57.00023999999999 1 -1 -1 -1
374 -1 606.00064 267.00012000000004 89.99936000000002 84.00023999999996 1 -1 -1 -1
374 -1 781.00032 113.00004 77.99936000000002 61.99991999999999 1 -1 -1 -1
375 -1 788.0000000000001 113.00004 76.9996799999999 59.999759999999995 1 -1 -1 -1
375 -1 612.99968 266.99976 88.0 85.00031999999999 1 -1 -1 -1
375 -1 413.99936 255.99996000000004 59.00031999999999 52.999919999999975 1 -1 -1 -1
376 -1 430.00064 246.9996 60.99968000000001 58.00031999999999 1 -1 -1 -1
376 -1 624.99968 262.00007999999997 94.00063999999998 85.00031999999999 1 -1 -1 -1
376 -1 803.00032 110.00016 76.9996799999999 56.000159999999994 1 -1 -1 -1
377 -1 447.99935999999997 249.00012 55.00031999999999 50.99976000000001 1 -1 -1 -1
377 -1 643.0003199999999 262.9998 88.0 82.00008000000003 1 -1 -1 -1
377 -1 823.99936 112.00032000000002 74.00063999999998 54.0 1 -1 -1 -1
378 -1 445.00032 242.00028000000003 60.0 55.000080000000025 1 -1 -1 -1
378 -1 638.99904 255.99996000000002 94.00063999999998 86.99976000000001 1 -1 -1 -1
378 -1 822.99968 105.00047999999998 74.00063999999998 58.99968000000001 1 -1 -1 -1
379 -1 813.0003200000001 92.00016 72.9996799999999 58.000320000000016 1 -1 -1 -1
379 -1 625.00032 241.99992000000003 96.9996799999999 85.00031999999999 1 -1 -1 -1
379 -1 432.0 223.99991999999997 59.00031999999999 58.99968000000001 1 -1 -1 -1
380 -1 418.99968 209.00016 56.99968000000001 58.99968000000001 1 -1 -1 -1
380 -1 614.99968 233.00027999999998 92.0 82.00008000000003 1 -1 -1 -1
380 -1 801.9993599999999 82.00008 75.0003200000001 58.000320000000016 1 -1 -1 -1
381 -1 416.0 210.99960000000002 57.999360000000024 56.00016000000002 1 -1 -1 -1
381 -1 612.99968 232.99991999999997 89.99936000000002 81.0 1 -1 -1 -1
381 -1 798.99968 82.00044 74.00063999999998 59.99976000000001 1 -1 -1 -1
382 -1 419.00032000000004 219.00024000000002 59.00031999999999 56.000159999999994 1 -1 -1 -1
382 -1 617.00096 240.00011999999998 89.99936000000002 82.00008000000003 1 -1 -1 -1
382 -1 801.9993599999999 91.00008 75.0003200000001 58.99968000000001 1 -1 -1 -1
383 -1 814.99968 90.99972000000001 72.9996799999999 57.000240000000005 1 -1 -1 -1
383 -1 625.00096 237.99995999999996 89.99936000000002 84.00023999999999 1 -1 -1 -1
383 -1 426.0 210.00024000000002 60.0 63.0 1 -1 -1 -1
384 -1 430.99968 209.99988000000002 56.99968000000001 55.00007999999997 1 -1 -1 -1
384 -1 629.00032 235.00008000000003 88.9996799999999 81.0 1 -1 -1 -1
384 -1 816.9996799999999 84.00023999999999 75.0003200000001 58.99968000000001 1 -1 -1 -1
385 -1 630.00064 228.00024000000002 84.99968000000013 76.99968000000001 1 -1 -1 -1
385 -1 426.99967999999996 199.9998 56.99968000000001 55.00007999999997 1 -1 -1 -1
385 -1 819.0003200000001 77.00004 72.0 61.99991999999999 1 -1 -1 -1
386 -1 428.99968 197.99964 59.00031999999999 55.00007999999997 1 -1 -1 -1
386 -1 630.0006400000001 224.00028000000003 89.99936000000002 79.99991999999997 1 -1 -1 -1
386 -1 819.99936 77.00039999999998 74.00063999999998 58.99968000000001 1 -1 -1 -1
387 -1 815.9999999999999 81.0 75.0003200000001 56.000159999999994 1 -1 -1 -1
387 -1 424.99967999999996 201.00024 57.999360000000024 51.999840000000006 1 -1 -1 -1
387 -1 627.9993599999999 228.99996000000004 87.0003200000001 79.99991999999997 1 -1 -1 -1
388 -1 815.9993599999999 102.00023999999999 71.0003200000001 58.99968000000001 1 -1 -1 -1
388 -1 628.00064 248.00004000000004 85.99936000000002 86.99976000000001 1 -1 -1 -1
388 -1 424.0 220.99967999999998 62.000639999999976 65.00015999999997 1 -1 -1 -1
389 -1 423.00031999999993 245.00015999999997 60.99968000000001 56.00016000000002 1 -1 -1 -1
389 -1 625.00032 247.00032000000002 85.99936000000002 78.99984000000003 1 -1 -1 -1
389 -1 806.00064 100.00043999999998 76.9996799999999 59.999759999999995 1 -1 -1 -1
390 -1 804.0000000000001 86.99976000000001 68.9996799999999 58.00031999999999 1 -1 -1 -1
390 -1 617.00032 232.99992 88.9996799999999 78.99984000000003 1 -1 -1 -1
390 -1 417.00032 253.99980000000005 56.99968000000001 52.999919999999975 1 -1 -1 -1
391 -1 409.00032000000004 263.99988 60.0 50.99976000000004 1 -1 -1 -1
391 -1 611.99936 225.0 87.0003200000001 81.0 1 -1 -1 -1
391 -1 792.0 80.99964 72.0 57.00023999999999 1 -1 -1 -1
