157 -1 601.0003199999999 232.99991999999997 92.0 90.0 1 -1 -1 -1
157 -1 594.0 420.00012 63.0003200000001 59.99976000000004 1 -1 -1 -1
157 -1 1216.0 558.0 60.9996799999999 54.0 1 -1 -1 -1
158 -1 601.99936 236.00016 94.00063999999998 94.00031999999999 1 -1 -1 -1
158 -1 595.00032 423.00000000000006 68.9996799999999 67.00031999999999 1 -1 -1 -1
158 -1 1236.99968 556.0002 43.0003200000001 52.999919999999975 1 -1 -1 -1
159 -1 1242.0000000000002 550.9998 37.9993599999998 52.999919999999975 1 -1 -1 -1
159 -1 600.99904 221.99976 98.00063999999998 92.00016000000002 1 -1 -1 -1
159 -1 598.0 413.99964 68.0 64.00008000000003 1 -1 -1 -1
160 -1 605.0003200000001 215.00027999999998 100.0 95.99976000000004 1 -1 -1 -1
160 -1 601.99936 412.00019999999995 72.0 64.00008000000003 1 -1 -1 -1
161 -1 628.9996799999999 207.00036 100.99968000000013 97.99991999999997 1 -1 -1 -1
161 -1 623.00032 407.00016 75.0003200000001 72.0 1 -1 -1 -1
162 -1 622.0 196.99992 104.9996799999999 96.99984000000003 1 -1 -1 -1
162 -1 631.99936 397.9998 68.0 73.00008000000003 1 -1 -1 -1
163 -1 609.00096 207.99972000000002 105.99936000000002 102.00023999999996 1 -1 -1 -1
163 -1 620.00064 419.00003999999996 72.9996799999999 68.99976000000004 1 -1 -1 -1
164 -1 608.99904 425.00016 74.00063999999998 72.0 1 -1 -1 -1
164 -1 603.0003200000001 213.99983999999998 104.0 101.00016000000002 1 -1 -1 -1
165 -1 601.00032 212.00004 103.0003200000001 100.00008000000003 1 -1 -1 -1
165 -1 609.0003200000001 426.99960000000004 72.9996799999999 67.00031999999999 1 -1 -1 -1
166 -1 578.99968 193.99967999999998 103.0003200000001 108.00000000000003 1 -1 -1 -1
166 -1 583.99936 414.0 79.0003200000001 69.99984000000006 1 -1 -1 -1
167 -1 556.0 186.00011999999998 110.00063999999998 109.00008000000003 1 -1 -1 -1
167 -1 562.00064 399.99996 84.99968000000013 77.99976000000004 1 -1 -1 -1
168 -1 520.9996799999999 177.99984 115.0003200000001 103.99968000000001 1 -1 -1 -1
168 -1 537.0003200000001 397.00008 80.9996799999999 76.00031999999999 1 -1 -1 -1
169 -1 513.9999999999999 150.99983999999998 111.0003200000001 112.00032000000002 1 -1 -1 -1
169 -1 534.99968 377.99999999999994 74.00063999999998 72.0 1 -1 -1 -1
170 -1 1240.0 442.00044 40.0 59.99976000000004 1 -1 -1 -1
170 -1 504.99968000000007 133.99992 108.99967999999996 110.00016 1 -1 -1 -1
170 -1 525.00032 362.99987999999996 74.00063999999998 68.99976000000004 1 -1 -1 -1
171 -1 504.0006399999999 130.99968 112.99967999999996 112.00031999999999 1 -1 -1 -1
171 -1 526.0 362.00016000000005 72.9996799999999 67.99968000000001 1 -1 -1 -1
171 -1 1251.99936 449.0002799999999 28.0 50.99976000000004 1 -1 -1 -1
172 -1 530.99968 352.00008 72.9996799999999 69.99983999999995 1 -1 -1 -1
172 -1 505.00031999999993 120.99996000000002 111.00032000000004 113.99975999999998 1 -1 -1 -1
173 -1 500.99904000000004 95.00003999999998 114.00063999999998 120.00024000000002 1 -1 -1 -1
173 -1 530.0 335.99988 80.99968000000013 70.99991999999997 1 -1 -1 -1
174 -1 507.00032000000004 75.99960000000002 115.00031999999993 119.00016 1 -1 -1 -1
174 -1 541.00032 320.0004 77.99936000000002 69.99983999999995 1 -1 -1 -1
175 -1 542.9996800000001 306.99971999999997 80.9996799999999 73.00008000000003 1 -1 -1 -1
175 -1 503.99936 60.999840000000006 114.00063999999998 117.0 1 -1 -1 -1
176 -1 507.00032 56.99988 118.00063999999998 118.00008000000003 1 -1 -1 -1
176 -1 554.9996799999999 302.00004 80.99968000000013 82.00008000000003 1 -1 -1 -1
177 -1 580.9996799999999 282.99996 83.0003200000001 73.00008000000003 1 -1 -1 -1
177 -1 532.99968 28.000080000000004 118.00063999999998 123.99984 1 -1 -1 -1
178 -1 547.00032 1.000079999999997 118.00063999999998 119.00016000000001 1 -1 -1 -1
178 -1 600.00064 257.99976000000004 80.99968000000013 78.99983999999995 1 -1 -1 -1
179 -1 613.0003199999999 240.99984 80.99968000000013 76.00031999999999 1 -1 -1 -1
179 -1 558.0 0.9997200000000035 119.0003200000001 102.00023999999999 1 -1 -1 -1
180 -1 572.99968 1.000080000000004 116.9996799999999 67.99968000000001 1 -1 -1 -1
180 -1 632.0 204.99984 80.0 81.0 1 -1 -1 -1
181 -1 654.0000000000001 189.99972 77.99936000000002 73.00008 1 -1 -1 -1
181 -1 590.9996800000001 1.000079999999997 104.9996799999999 40.00032 1 -1 -1 -1
182 -1 572.0000000000001 0.9997199999999999 108.9996799999999 52.99992 1 -1 -1 -1
182 -1 644.0 197.99964 80.0 75.00024000000002 1 -1 -1 -1
183 -1 536.9996800000001 0.9997200000000035 124.9996799999999 109.00008 1 -1 -1 -1
183 -1 602.99968 237.99996000000002 87.0003200000001 86.99976000000001 1 -1 -1 -1
184 -1 515.99936 29.999880000000005 127.0003200000001 129.00023999999996 1 -1 -1 -1
184 -1 586.00064 298.99980000000005 84.99968000000013 70.99991999999997 1 -1 -1 -1
185 -1 502.0006399999999 61.00019999999999 116.99967999999996 131.99975999999998 1 -1 -1 -1
185 -1 558.9996800000001 321.00012000000004 88.9996799999999 93.00023999999996 1 -1 -1 -1
186 -1 496.0 82.00044000000001 118.00063999999998 122.99976 1 -1 -1 -1
186 -1 552.00064 349.99956 85.99936000000002 75.00023999999996 1 -1 -1 -1
187 -1 495.99936 91.00043999999998 116.0 122.99976000000002 1 -1 -1 -1
187 -1 549.00032 361.00007999999997 84.0 76.00031999999999 1 -1 -1 -1
188 -1 490.00064 94.00031999999999 121.99936000000002 123.99984 1 -1 -1 -1
188 -1 548.00064 364.99968000000007 84.0 76.00031999999999 1 -1 -1 -1
189 -1 490.00064 98.00028 120.0 124.99991999999997 1 -1 -1 -1
189 -1 548.0 367.00019999999995 81.99936000000002 77.99976000000004 1 -1 -1 -1
190 -1 487.00032 102.99960000000002 120.0 121.00031999999999 1 -1 -1 -1
190 -1 544.00064 374.0004 84.0 76.99968000000001 1 -1 -1 -1
191 -1 538.0 380.99952 87.0003200000001 76.00031999999999 1 -1 -1 -1
191 -1 484.00064 104.00040000000001 125.99936000000002 123.99984 1 -1 -1 -1
192 -1 488.0 101.00016000000002 118.00063999999998 128.00016 1 -1 -1 -1
192 -1 540.0 378.00036 81.99936000000002 79.99991999999997 1 -1 -1 -1
193 -1 487.99935999999997 97.99992000000002 127.00032000000004 130.99967999999996 1 -1 -1 -1
193 -1 544.00064 383.00004 85.99936000000002 79.99991999999997 1 -1 -1 -1
