289 -1 729.00032 393.00012 39.0003200000001 34.999919999999975 1 -1 -1 -1
289 -1 610.0006400000001 48.00023999999999 36.9996799999999 33.999840000000006 1 -1 -1 -1
290 -1 731.00032 379.00007999999997 40.0 38.00016000000005 1 -1 -1 -1
290 -1 604.9996799999999 51.999840000000006 35.0003200000001 36.0 1 -1 -1 -1
291 -1 592.99968 68.99976 33.999360000000024 24.999840000000006 1 -1 -1 -1
291 -1 733.9993599999999 363.00024 35.0003200000001 36.0 1 -1 -1 -1
292 -1 730.0 344.00015999999994 40.9996799999999 36.0 1 -1 -1 -1
293 -1 729.00032 327.00023999999996 37.999360000000024 38.00016000000005 1 -1 -1 -1
294 -1 730.99968 312.99983999999995 36.0 38.00016000000005 1 -1 -1 -1
295 -1 727.0003199999999 304.0002 40.0 37.000080000000025 1 -1 -1 -1
296 -1 729.00032 295.00020000000006 39.0003200000001 39.00023999999996 1 -1 -1 -1
297 -1 729.00032 294.00012 37.999360000000024 37.000080000000025 1 -1 -1 -1
298 -1 728.99968 290.00016 36.9996799999999 38.00016000000005 1 -1 -1 -1
299 -1 727.9993599999999 282.99996 39.0003200000001 37.000080000000025 1 -1 -1 -1
300 -1 722.00064 265.00032000000004 44.9996799999999 42.99983999999995 1 -1 -1 -1
301 -1 718.99968 244.99980000000005 42.000639999999976 43.999919999999975 1 -1 -1 -1
302 -1 713.0003200000001 230.99975999999998 44.0 45.0 1 -1 -1 -1
302 -1 519.00032 208.00008 33.999360000000024 27.0 1 -1 -1 -1
303 -1 709.00032 218.00016 44.0 45.0 1 -1 -1 -1
303 -1 514.99968 214.0002 36.0 34.999919999999975 1 -1 -1 -1
304 -1 706.0 209.99988 44.0 41.99975999999998 1 -1 -1 -1
304 -1 509.99999999999994 227.99988000000002 39.000320000000045 34.999919999999975 1 -1 -1 -1
305 -1 508.99967999999996 241.00019999999998 36.999679999999955 32.99976000000001 1 -1 -1 -1
305 -1 704.99968 204.00011999999998 43.0003200000001 43.999919999999975 1 -1 -1 -1
306 -1 704.99904 203.00039999999998 42.000639999999976 40.99968000000001 1 -1 -1 -1
306 -1 509.00032000000004 244.00044 39.000320000000045 32.99976000000001 1 -1 -1 -1
307 -1 515.00032 235.00007999999997 36.9996799999999 33.999840000000006 1 -1 -1 -1
307 -1 710.0 210.00024 40.9996799999999 42.999840000000006 1 -1 -1 -1
308 -1 713.0003199999999 224.00028 47.0003200000001 46.00008 1 -1 -1 -1
308 -1 520.00064 218.00016000000002 37.999360000000024 40.000320000000016 1 -1 -1 -1
309 -1 528.99968 207.99971999999997 35.0003200000001 19.000080000000025 1 -1 -1 -1
309 -1 719.99936 248.00003999999996 47.0003200000001 46.000080000000025 1 -1 -1 -1
310 -1 732.9996799999999 270.99971999999997 43.0003200000001 46.000080000000025 1 -1 -1 -1
311 -1 740.9996800000001 297.00035999999994 44.9996799999999 41.99976000000004 1 -1 -1 -1
312 -1 746.99968 314.99964 48.9996799999999 48.00023999999996 1 -1 -1 -1
313 -1 756.99968 334.00008 48.0 42.99983999999995 1 -1 -1 -1
314 -1 760.9996799999999 344.99952 48.0 49.00031999999999 1 -1 -1 -1
315 -1 764.9996799999999 358.99992 51.0003200000001 47.00016000000005 1 -1 -1 -1
316 -1 769.00096 368.99999999999994 49.999360000000024 45.0 1 -1 -1 -1
317 -1 773.99936 372.9996 48.0 47.00016000000005 1 -1 -1 -1
318 -1 777.00032 376.99992 48.9996799999999 49.99968000000001 1 -1 -1 -1
319 -1 774.0000000000001 374.99976 48.9996799999999 45.0 1 -1 -1 -1
320 -1 770.9996800000001 359.99999999999994 44.0 47.00016000000005 1 -1 -1 -1
321 -1 761.00032 344.00016 45.999360000000024 47.00016000000005 1 -1 -1 -1
322 -1 755.00032 329.99976 48.0 47.00016000000005 1 -1 -1 -1
325 -1 746.99968 305.00028 44.0 41.99976000000004 1 -1 -1 -1
326 -1 743.9993599999999 300.00024 47.0003200000001 45.0 1 -1 -1 -1
326 -1 522.9996800000001 206.99999999999997 40.9996799999999 38.000159999999994 1 -1 -1 -1
327 -1 743.0003199999999 299.99988 48.0 43.999919999999975 1 -1 -1 -1
327 -1 524.0 218.00016 36.9996799999999 31.999680000000012 1 -1 -1 -1
328 -1 744.0 299.99988 48.0 43.999919999999975 1 -1 -1 -1
328 -1 523.00032 226.9998 33.999360000000024 32.99975999999998 1 -1 -1 -1
329 -1 521.99936 230.99976000000004 32.0 31.000319999999988 1 -1 -1 -1
329 -1 746.0006400000001 300.99996 44.9996799999999 41.99976000000004 1 -1 -1 -1
330 -1 750.00064 307.9998 48.0 48.00023999999996 1 -1 -1 -1
330 -1 519.00032 226.9998 40.0 32.99975999999998 1 -1 -1 -1
